---------------------------------------
Exam project LU Decomposition (index 15 pr. spreadsheet)
 Christian Overby
Pivoting LU decomposition testing the implemented functions:
---------------------------------------


Doing one testLUdecomp verbose test:
---------------------------------------
Randomized 6x6 matrix A: 
3.234 3.447 0.4019 1.19 4.853 8.6 
3.677 1.144 4.039 1.272 3.898 7.394 
7.925 8.438 0.7571 1.129 9.147 5.284 
5.012 8.154 7.099 8.61 4.369 9.55 
7.182 2.178 6.417 6.999 8.759 0.4006 
2.079 9.596 1.83 0.1137 2.715 4.036 

Pivoted matrix A: 
7.925 8.438 0.7571 1.129 9.147 5.284 
2.079 9.596 1.83 0.1137 2.715 4.036 
5.012 8.154 7.099 8.61 4.369 9.55 
7.182 2.178 6.417 6.999 8.759 0.4006 
3.234 3.447 0.4019 1.19 4.853 8.6 
3.677 1.144 4.039 1.272 3.898 7.394 

U 
7.925 8.438 0.7571 1.129 9.147 5.284 
0 7.382 1.631 -0.1825 0.3155 2.649 
0 0 5.997 7.966 -1.537 5.197 
0 0 0 -3.378 2.482 -8.439 
0 0 0 0 1.59 4.845 
0 0 0 0 0 23.39 

U is upper triangular?    True

L 
1 0 0 0 0 0 
0.2624 1 0 0 0 0 
0.6324 0.3817 1 0 0 0 
0.9062 -0.7409 1.157 1 0 0 
0.4081 0.0004736 0.01537 -0.1798 1 0 
0.4639 -0.3753 0.7171 1.49 -1.776 1 

L is lower triangular?    True

L*U = A_pivoted
L*U: 
7.925 8.438 0.7571 1.129 9.147 5.284 
2.079 9.596 1.83 0.1137 2.715 4.036 
5.012 8.154 7.099 8.61 4.369 9.55 
7.182 2.178 6.417 6.999 8.759 0.4006 
3.234 3.447 0.4019 1.19 4.853 8.6 
3.677 1.144 4.039 1.272 3.898 7.394 

A_pivoted: 
7.925 8.438 0.7571 1.129 9.147 5.284 
2.079 9.596 1.83 0.1137 2.715 4.036 
5.012 8.154 7.099 8.61 4.369 9.55 
7.182 2.178 6.417 6.999 8.759 0.4006 
3.234 3.447 0.4019 1.19 4.853 8.6 
3.677 1.144 4.039 1.272 3.898 7.394 

L*U = A? (Aprroximate)   True
---------------------------------------
testLUdecomp passed succesufully

Doing one testLUsolve verbose test:
---------------------------------------
Randomized 18x18 matrix: 
8.566 9.408 9.623 5.759 1.21 4.257 2.683 4.309 4.722 3.843 9.288 8.785 9.589 4.674 3.919 6.745 2.821 3.184 
9.778 3.082 8.812 5.146 5.322 3.648 3.53 3.714 1.779 3.937 3.688 3.051 8.04 8.589 8.97 9.898 4.377 1.729 
4.205 1.076 7.612 7.865 9.732 6.404 8.628 8.885 4.039 6.903 7.67 1.742 4.404 5.966 9.545 6.93 1.075 6.562 
9.971 6.849 2.929 4.969 9.517 1.035 1.379 2.05 3.693 1.693 1.03 2.761 4.464 2.816 9.573 2.472 8.945 6.778 
3.396 7.745 3.039 5.357 2.595 2.04 2.783 6.886 8.915 5.792 8.859 7.489 8.67 8.772 9.083 6.872 5.384 4.498 
4.195 3.31 1.312 2.717 1.844 5.436 9.766 1.784 8.11 7.055 1.719 5.963 5.663 1.574 5.189 9.27 7.127 9.067 
3.57 3.231 8.461 2.805 4.039 1.569 1.037 3.315 4.613 4.038 6.214 2.551 1.826 8.367 8.19 1.991 9.742 3.872 
7.077 5.762 1.393 7.894 4.795 3.009 6.434 7.499 6.271 1.714 5.232 5.362 9.985 8.497 8.119 5.31 8.34 2.271 
3.985 4.258 3.83 8.466 6.894 4.999 3.948 5.762 8.809 5.377 5.455 1.583 2.532 9.791 2.455 3.157 3.809 2.02 
3.777 6.441 4.464 8.927 7.69 4.508 8.71 8.502 3.379 3.041 3.939 9.58 2.485 2.966 5.099 1.764 5.356 4.588 
1.345 6.692 7.421 1.656 4.08 8.561 4.196 1.369 7.009 7.303 8.49 9.998 9.899 1.149 5.457 7.898 7.08 7.562 
2.516 5.276 8.144 8.294 5.305 2.518 1.894 1.51 9.273 7.243 9.59 8.641 7.131 4.24 4.031 7.362 7.669 8.313 
5.51 5.247 7.141 6.308 4.142 8.702 1.83 8.222 7.231 2.457 2.499 7.185 5.974 5.424 3.573 5.728 5.486 6.686 
1.941 1.702 8.328 8.976 3.49 8.9 6.195 8.802 4.478 6.447 8.952 3.658 2.844 5.967 2.003 8.084 8.845 7.158 
8.742 7.842 6.924 2.595 4.421 8.282 1.121 2.375 8.696 8.462 1.977 6.8 9.6 9.888 6.572 9.483 5.824 8.783 
2.737 1.636 7.425 9.902 7.089 4.889 7.1 1.544 4.263 8.12 4.305 9.661 7.861 8.793 3.131 3.674 4.789 1.441 
9.492 1.585 8.379 5.958 3.725 3.261 9.742 1.966 1.013 9.616 6.546 2.776 2.296 8.991 6.468 1.005 9.117 3.741 
3.939 6.914 1.22 8.251 5.504 3.733 2.316 3.742 9.683 9.194 7.77 5.59 6.355 3.2 3.943 7.658 5.439 6.884 

A = 
8.566 9.408 9.623 5.759 1.21 4.257 2.683 4.309 4.722 3.843 9.288 8.785 9.589 4.674 3.919 6.745 2.821 3.184 
9.778 3.082 8.812 5.146 5.322 3.648 3.53 3.714 1.779 3.937 3.688 3.051 8.04 8.589 8.97 9.898 4.377 1.729 
4.205 1.076 7.612 7.865 9.732 6.404 8.628 8.885 4.039 6.903 7.67 1.742 4.404 5.966 9.545 6.93 1.075 6.562 
9.971 6.849 2.929 4.969 9.517 1.035 1.379 2.05 3.693 1.693 1.03 2.761 4.464 2.816 9.573 2.472 8.945 6.778 
3.396 7.745 3.039 5.357 2.595 2.04 2.783 6.886 8.915 5.792 8.859 7.489 8.67 8.772 9.083 6.872 5.384 4.498 
4.195 3.31 1.312 2.717 1.844 5.436 9.766 1.784 8.11 7.055 1.719 5.963 5.663 1.574 5.189 9.27 7.127 9.067 
3.57 3.231 8.461 2.805 4.039 1.569 1.037 3.315 4.613 4.038 6.214 2.551 1.826 8.367 8.19 1.991 9.742 3.872 
7.077 5.762 1.393 7.894 4.795 3.009 6.434 7.499 6.271 1.714 5.232 5.362 9.985 8.497 8.119 5.31 8.34 2.271 
3.985 4.258 3.83 8.466 6.894 4.999 3.948 5.762 8.809 5.377 5.455 1.583 2.532 9.791 2.455 3.157 3.809 2.02 
3.777 6.441 4.464 8.927 7.69 4.508 8.71 8.502 3.379 3.041 3.939 9.58 2.485 2.966 5.099 1.764 5.356 4.588 
1.345 6.692 7.421 1.656 4.08 8.561 4.196 1.369 7.009 7.303 8.49 9.998 9.899 1.149 5.457 7.898 7.08 7.562 
2.516 5.276 8.144 8.294 5.305 2.518 1.894 1.51 9.273 7.243 9.59 8.641 7.131 4.24 4.031 7.362 7.669 8.313 
5.51 5.247 7.141 6.308 4.142 8.702 1.83 8.222 7.231 2.457 2.499 7.185 5.974 5.424 3.573 5.728 5.486 6.686 
1.941 1.702 8.328 8.976 3.49 8.9 6.195 8.802 4.478 6.447 8.952 3.658 2.844 5.967 2.003 8.084 8.845 7.158 
8.742 7.842 6.924 2.595 4.421 8.282 1.121 2.375 8.696 8.462 1.977 6.8 9.6 9.888 6.572 9.483 5.824 8.783 
2.737 1.636 7.425 9.902 7.089 4.889 7.1 1.544 4.263 8.12 4.305 9.661 7.861 8.793 3.131 3.674 4.789 1.441 
9.492 1.585 8.379 5.958 3.725 3.261 9.742 1.966 1.013 9.616 6.546 2.776 2.296 8.991 6.468 1.005 9.117 3.741 
3.939 6.914 1.22 8.251 5.504 3.733 2.316 3.742 9.683 9.194 7.77 5.59 6.355 3.2 3.943 7.658 5.439 6.884 

Solve for vector b = 
15 93 35 86 92 49 21 62 27 90 59 63 26 40 26 72 36 11
Solution x = 
25.54 -30.49 -54.07 25.73 -8.842 60.65 -14.3 -64.24 -11.23 -56.62 51.89 55.8 -62.77 30.97 43.77 18.99 -18.62 9.879
A*x = 
15 93 35 86 92 49 21 62 27 90 59 63 26 40 26 72 36 11
---------------------------------------
testLUsolve passed succesufully

Doing one testLUinverse verbose test:
---------------------------------------
Randomized 8x8 matrix: 
0.2961 0.9545 8.946 9.986 2.934 5.994 6.996 6.114 
2.08 5.483 0.1891 5.567 4.229 4.666 0.149 7.343 
4.984 5.903 1.204 8.473 6.028 6.38 4.381 2.053 
2.382 2.888 8.888 3.075 5.508 1.645 9.785 5.315 
0.2173 1.587 9.875 5.979 8.338 1.492 6.121 2.758 
0.05309 3.424 0.8689 8.485 3.258 1.437 0.6748 7.954 
0.1308 7.288 4.043 6.757 2.712 7.323 4.84 3.069 
8.038 4.261 3.633 3.936 2.073 4.828 2.18 3.594 

 Matrix inv = 
-0.01332 -0.05187 0.03666 0.01101 -0.01804 0.02165 -0.06603 0.1137 
-0.1656 -0.1235 -0.07305 0.01083 0.03314 0.133 0.193 0.07523 
-0.01554 -0.05488 -0.1389 -0.0637 0.1138 0.01854 0.08018 0.1153 
0.009745 -0.1678 0.05262 -0.06037 0.01225 0.1514 0.01687 0.02673 
-0.01328 0.1628 0.07636 -0.006716 0.0869 -0.1087 -0.09686 -0.08704 
0.1354 0.2261 0.02561 -0.04325 -0.03225 -0.2367 -0.03604 -0.06353 
0.02532 -0.05152 0.1046 0.1492 -0.1241 -0.003825 -0.02526 -0.09285 
0.04152 0.1354 -0.05453 0.06453 -0.05888 -0.007565 -0.06109 -0.01925 

matrix_inv*matrix (approximate) = 
1 0 0 0 0 0 0 0 
0 1 0 0 0 0 0 0 
0 0 1 0 0 0 0 0 
0 0 0 1 0 0 0 0 
0 0 0 0 1 0 0 0 
0 0 0 0 0 1 0 0 
0 0 0 0 0 0 1 0 
0 0 0 0 0 0 0 1 

---------------------------------------
testQRGSinverse passed succesufully
---------------------------------------
Time count for QR-decomposition can be seen in plot.benchmark.svg
QR decomp is approximately 2 times slower
