---------------------------------------
Exam project LU Decomposition (index 15 pr. spreadsheet)
 Christian Overby
Pivoting LU decomposition testing the implemented functions:
---------------------------------------


Doing one testLUdecomp verbose test:
---------------------------------------
Randomized 6x6 matrix A: 
0.5144 4.444 4.514 3.804 2.477 6.528 
9.58 5.06 3.565 2.717 6.296 8.929 
4.445 7.924 8.973 0.9178 1.103 2.487 
6.039 9.842 5.354 8.126 7.494 2.005 
8.724 7.526 3.633 8.444 8.603 4.032 
4.431 4.462 9.268 9.052 3.756 1.448 

Pivoted matrix A: 
9.58 5.06 3.565 2.717 6.296 8.929 
6.039 9.842 5.354 8.126 7.494 2.005 
4.431 4.462 9.268 9.052 3.756 1.448 
8.724 7.526 3.633 8.444 8.603 4.032 
0.5144 4.444 4.514 3.804 2.477 6.528 
4.445 7.924 8.973 0.9178 1.103 2.487 

U 
9.58 5.06 3.565 2.717 6.296 8.929 
0 6.652 3.106 6.413 3.525 -3.624 
0 0 6.629 5.75 -0.2805 -1.526 
0 0 0 4.005 1.281 -2.735 
0 0 0 0 0.8034 7.213 
0 0 0 0 0 8.656 

U is upper triangular?    True

L 
1 0 0 0 0 0 
0.6304 1 0 0 0 0 
0.4625 0.319 1 0 0 0 
0.9107 0.4386 -0.1473 1 0 0 
0.0537 0.6272 0.3583 -0.6053 1 0 
0.464 0.8382 0.7114 -2.449 -1.787 1 

L is lower triangular?    True

L*U = A_pivoted
L*U: 
9.58 5.06 3.565 2.717 6.296 8.929 
6.039 9.842 5.354 8.126 7.494 2.005 
4.431 4.462 9.268 9.052 3.756 1.448 
8.724 7.526 3.633 8.444 8.603 4.032 
0.5144 4.444 4.514 3.804 2.477 6.528 
4.445 7.924 8.973 0.9178 1.103 2.487 

A_pivoted: 
9.58 5.06 3.565 2.717 6.296 8.929 
6.039 9.842 5.354 8.126 7.494 2.005 
4.431 4.462 9.268 9.052 3.756 1.448 
8.724 7.526 3.633 8.444 8.603 4.032 
0.5144 4.444 4.514 3.804 2.477 6.528 
4.445 7.924 8.973 0.9178 1.103 2.487 

L*U = A? (Aprroximate)   True
---------------------------------------
testLUdecomp passed succesufully

Doing one testLUsolve verbose test:
---------------------------------------
Randomized 18x18 matrix: 
5.61 3.81 4.896 9.602 3.735 7.908 7.903 5.155 5.01 6.789 5.855 6.037 9.888 7.475 8.399 1.682 4.925 1.724 
7.086 7.754 6.613 6.38 3.819 8.951 9.573 3.632 7.846 7.982 6.094 7.753 4.951 4.936 2.296 5.96 5.251 9.37 
2.108 5.616 5.838 8.647 4.472 6.875 6.09 7.23 7.06 1.782 5.993 1.654 2.921 3.643 1.458 5.505 7.327 4.748 
7.981 3.736 5.517 9.496 2.366 1.038 6.95 2.769 7.779 8.834 7.551 9.125 8.38 2 9.148 1.493 8.935 8.43 
3.447 7.127 7.641 1.73 2.94 5.472 7.184 2.036 3.589 4.819 2.672 3.397 5.529 1.929 5.355 6.185 9.462 5.028 
9.821 4.036 8.106 2.507 4.319 9.791 3.472 5.283 7.309 4.297 4.762 3.153 8.354 6.503 4.197 6.794 2.604 8.586 
7.087 9.515 3.168 3.138 2.274 5.826 6.899 7.566 3.562 3.774 7.914 5.351 5.933 3.394 8.837 3.385 6.543 3.361 
1.13 6.723 4.48 7.296 6.726 9.915 2.627 4.845 6.948 3.296 5.823 4.516 7.373 2.528 5.493 5.919 6.498 8.62 
7.565 8.278 2.596 6.853 7.679 6.196 3.689 8.014 3.629 7.213 2.59 8.248 3.624 6.721 9.784 9.248 6.069 9.407 
3.321 6.277 4.652 5.569 5.566 6.081 7.952 1.196 8.833 5.202 8.829 2.328 7.085 2.156 9.948 5.889 2.234 6.731 
4.305 4.482 3.013 8.311 3.797 6.716 3.692 9.01 4.342 8.81 7.984 2.19 2.831 6.963 3.99 2.288 5.712 4.469 
8.327 8.472 4.726 9.321 3.444 3.832 1.676 4.491 2.034 2.365 6.275 8.653 1.734 9.938 4.002 9.998 6.444 4.956 
2.246 7.192 5.479 2.433 6.953 9.487 4.082 4.921 8.2 3.149 8.165 4.602 5.355 2.644 8.544 4.621 4.916 4.124 
6.39 1.016 2.216 2.739 9.282 7.548 1.573 9.061 9.008 1.598 1.614 4.478 5.531 7.47 9.563 2.261 7.883 9.847 
2.678 1.377 3.125 5.869 4 2.483 5.523 4.181 3.03 1.698 5.953 9.596 4.737 6.634 8.119 2.208 7.418 7.88 
8.485 2.054 3.371 6.771 2.702 4.045 7.121 4.717 6.517 6.311 9.436 4.841 9.861 9.576 1.649 1.816 5.091 4.919 
1.746 4.114 1.139 9.482 4.731 8.129 1.534 3.983 9.477 8.088 1.564 4.876 2.918 5.349 6.893 3.556 2.321 2.1 
6.222 8.146 2.141 8.584 3.665 8.764 2.376 8.054 8.874 9.236 7.275 3.24 3.147 1.731 7.431 3.439 3.111 7.272 

A = 
5.61 3.81 4.896 9.602 3.735 7.908 7.903 5.155 5.01 6.789 5.855 6.037 9.888 7.475 8.399 1.682 4.925 1.724 
7.086 7.754 6.613 6.38 3.819 8.951 9.573 3.632 7.846 7.982 6.094 7.753 4.951 4.936 2.296 5.96 5.251 9.37 
2.108 5.616 5.838 8.647 4.472 6.875 6.09 7.23 7.06 1.782 5.993 1.654 2.921 3.643 1.458 5.505 7.327 4.748 
7.981 3.736 5.517 9.496 2.366 1.038 6.95 2.769 7.779 8.834 7.551 9.125 8.38 2 9.148 1.493 8.935 8.43 
3.447 7.127 7.641 1.73 2.94 5.472 7.184 2.036 3.589 4.819 2.672 3.397 5.529 1.929 5.355 6.185 9.462 5.028 
9.821 4.036 8.106 2.507 4.319 9.791 3.472 5.283 7.309 4.297 4.762 3.153 8.354 6.503 4.197 6.794 2.604 8.586 
7.087 9.515 3.168 3.138 2.274 5.826 6.899 7.566 3.562 3.774 7.914 5.351 5.933 3.394 8.837 3.385 6.543 3.361 
1.13 6.723 4.48 7.296 6.726 9.915 2.627 4.845 6.948 3.296 5.823 4.516 7.373 2.528 5.493 5.919 6.498 8.62 
7.565 8.278 2.596 6.853 7.679 6.196 3.689 8.014 3.629 7.213 2.59 8.248 3.624 6.721 9.784 9.248 6.069 9.407 
3.321 6.277 4.652 5.569 5.566 6.081 7.952 1.196 8.833 5.202 8.829 2.328 7.085 2.156 9.948 5.889 2.234 6.731 
4.305 4.482 3.013 8.311 3.797 6.716 3.692 9.01 4.342 8.81 7.984 2.19 2.831 6.963 3.99 2.288 5.712 4.469 
8.327 8.472 4.726 9.321 3.444 3.832 1.676 4.491 2.034 2.365 6.275 8.653 1.734 9.938 4.002 9.998 6.444 4.956 
2.246 7.192 5.479 2.433 6.953 9.487 4.082 4.921 8.2 3.149 8.165 4.602 5.355 2.644 8.544 4.621 4.916 4.124 
6.39 1.016 2.216 2.739 9.282 7.548 1.573 9.061 9.008 1.598 1.614 4.478 5.531 7.47 9.563 2.261 7.883 9.847 
2.678 1.377 3.125 5.869 4 2.483 5.523 4.181 3.03 1.698 5.953 9.596 4.737 6.634 8.119 2.208 7.418 7.88 
8.485 2.054 3.371 6.771 2.702 4.045 7.121 4.717 6.517 6.311 9.436 4.841 9.861 9.576 1.649 1.816 5.091 4.919 
1.746 4.114 1.139 9.482 4.731 8.129 1.534 3.983 9.477 8.088 1.564 4.876 2.918 5.349 6.893 3.556 2.321 2.1 
6.222 8.146 2.141 8.584 3.665 8.764 2.376 8.054 8.874 9.236 7.275 3.24 3.147 1.731 7.431 3.439 3.111 7.272 

Solve for vector b = 
15 93 35 86 92 49 21 62 27 90 59 63 26 40 26 72 36 11
Solution x = 
-103.9 217.4 154.1 -3.047 27.7 -160.7 -39.18 37.94 42.89 -0.4916 -78.28 -24.08 51.09 128.9 -12.22 -160.6 -102.1 72.21
A*x = 
15 93 35 86 92 49 21 62 27 90 59 63 26 40 26 72 36 11
---------------------------------------
testLUsolve passed succesufully

Doing one testLUinverse verbose test:
---------------------------------------
Randomized 8x8 matrix: 
9.152 0.4783 5.348 9.466 6.803 4.051 5.621 2.333 
4.746 6.599 2.524 4.641 1.938 3.399 7.809 5.494 
2.774 9.928 7.776 1.952 5.251 2.055 7.917 7.139 
9.235 8.354 9.405 1.749 3.346 9.253 1.353 3.637 
4.184 6.065 8.236 8.453 3.216 3.447 6.385 1.398 
7.241 3.801 5.163 7.404 7.526 2.852 5.031 3.92 
3.233 6.725 9.56 6.802 5.129 4.641 9.865 6.732 
6.368 5.54 9.352 7.059 0.2167 3.918 3.193 2.27 

 Matrix inv = 
0.2702 0.03196 0.1961 -0.008605 -0.06264 -0.2216 -0.2041 0.06862 
-0.1818 0.06515 -0.01028 0.02271 0.1354 0.1557 -0.09983 -0.03102 
0.1297 -0.1418 0.1244 -0.01387 -0.03749 -0.1614 0.0201 0.08314 
-0.2807 0.05128 -0.245 -0.03998 0.02344 0.343 0.109 0.06922 
-0.04135 -0.08347 0.005209 0.03254 0.06838 0.1421 0.009266 -0.139 
-0.1301 0.05161 -0.2383 0.1246 0.05132 0.07374 0.1813 -0.1379 
0.3406 0.03698 0.2047 -0.02007 0.08833 -0.425 -0.08945 -0.1065 
-0.2266 0.04294 -0.1525 -0.03974 -0.2925 0.2972 0.2067 0.167 

matrix_inv*matrix (approximate) = 
1 0 0 0 0 0 0 0 
0 1 0 0 0 0 0 0 
0 0 1 0 0 0 0 0 
0 0 0 1 0 0 0 0 
0 0 0 0 1 0 0 0 
0 0 0 0 0 1 0 0 
0 0 0 0 0 0 1 0 
0 0 0 0 0 0 0 1 

---------------------------------------
testQRGSinverse passed succesufully
---------------------------------------
Time count for QR-decomposition can be seen in plot.benchmark.svg
QR decomp is approximately 2 times slower
