Testing
Matrix A:
5.29 5.353 9.772 9.443 6.392 
5.353 5.666 9.961 6.985 6.979 
9.772 9.961 5.768 5.304 9.727 
9.443 6.985 5.304 9.944 9.352 
6.392 6.979 9.727 9.352 8.019 

The vector w and the matrix V in the EVD class
w: 
-7.584 -0.7815 0.3598 3.894 38.8 

V: 
0.482 -0.346 0.6732 0.1284 0.4223 
0.3496 0.7399 -0.04719 -0.4045 0.4056 
-0.6762 -0.1974 0.1896 -0.5048 0.4614 
-0.3389 0.3089 -0.03883 0.7512 0.4733 
0.2709 -0.4455 -0.7121 -0.02712 0.4693 

random matrix A =
5.29 5.353 9.772 9.443 6.392 
5.353 5.666 9.961 6.985 6.979 
9.772 9.961 5.768 5.304 9.727 
9.443 6.985 5.304 9.944 9.352 
6.392 6.979 9.727 9.352 8.019 

The matrix V^T A V =
-7.584 8.813e-09 4.702e-12 -4.427e-15 3.553e-15 
8.813e-09 -0.7815 3.775e-15 -2.654e-16 -6.169e-09 
4.702e-12 3.733e-15 0.3598 1.543e-09 -7.843e-12 
-3.99e-15 1.457e-16 1.543e-09 3.894 2.402e-12 
4.441e-15 -6.169e-09 -7.843e-12 2.4e-12 38.8 

The approximated 0 matrix V^T A V =
-7.584 0 0 0 0 
0 -0.7815 0 0 0 
0 0 0.3598 0 0 
0 0 0 3.894 0 
0 0 0 0 38.8 

the matrix D =
-7.584 0 0 0 0 
0 -0.7815 0 0 0 
0 0 0.3598 0 0 
0 0 0 3.894 0 
0 0 0 0 38.8 


Check V^T A V ≈ D: PASS
Check V D V^T ≈ A: PASS
Check V^T V ≈ I: PASS
Check V V^T ≈ I: PASS
Running convergence for Δr on one thread
Time taken: 1.79448 seconds
Running convergence for rmax on one thread
Time taken: 1.81632 seconds
Running convergence for Δr in parallel...
Δr   time(s)
0.05 1.60
0.10 0.32
0.15 0.10
0.20 0.07
0.25 0.05
0.30 0.01
0.35 0.03
0.40 0.00
0.45 0.01
0.50 0.00
0.55 0.00
0.60 0.00
0.65 0.00
0.70 0.00
0.75 0.00
0.80 0.00
0.85 0.00
0.90 0.00
0.95 0.00
Running convergence for rmax in parallel...
rmax time(s)
1.0 0.00
1.5 0.00
2.0 0.00
2.5 0.00
3.0 0.00
3.5 0.00
4.0 0.00
4.5 0.00
5.0 0.00
5.5 0.01
6.0 0.01
6.5 0.01
7.0 0.01
7.5 0.01
8.0 0.02
8.5 0.02
9.0 0.03
9.5 0.03
10.0 0.04
10.5 0.04
11.0 0.05
11.5 0.07
12.0 0.07
12.5 0.08
13.0 0.09
13.5 0.10
14.0 0.12
14.5 0.13
15.0 0.14
15.5 0.16
16.0 0.17
16.5 0.19
17.0 0.24
17.5 0.25
18.0 0.25
18.5 0.27
19.0 0.32
19.5 0.31
20.0 0.28
