testing
The vector w and the matrix V in the EVD class
w: 
-71.0062 -60.6059 25.2033 78.9192 319.49 
V: 
0.553442 0.232538 0.165686 -0.605669 0.49532
-0.591499 0.553982 0.296823 0.148276 0.48285
-0.117767 -0.756846 0.502796 0.0629298 0.395667
0.458552 0.0489663 -0.255704 0.727224 0.439423
-0.345966 -0.25262 -0.7525 -0.279936 0.414572

random matrix A =
83 86 77 15 93
86 35 86 92 49
77 86 21 62 27
15 92 62 90 59
93 49 27 59 63

The matrix V^T A V =
-71.0062 8.88178e-16 -4.17572e-08 -1.9851e-09 -1.7284e-11
3.55271e-15 -60.6059 -5.92361e-09 2.22045e-14 -2.13163e-14
-4.17572e-08 -5.92362e-09 25.2033 -1.24345e-14 2.93611e-07
-1.9851e-09 1.59872e-14 0 78.9192 1.8982e-08
-1.73088e-11 1.42109e-14 2.93611e-07 1.8982e-08 319.49

The approximated 0 matrix V^T A V =
-71.0062 0 0 0 0
0 -60.6059 0 0 0
0 0 25.2033 0 0
0 0 0 78.9192 0
0 0 0 0 319.49

the matrix D =
-71.0062 0 0 0 0
0 -60.6059 0 0 0
0 0 25.2033 0 0
0 0 0 78.9192 0
0 0 0 0 319.49


Check V^T A V ≈ D: PASS
Check V D V^T ≈ A: PASS
Check V^T V ≈ I: PASS
Check V V^T ≈ I: PASS
0.5
2 -2 0 0 0 0 0 0 0 0 0 0 0
-2 3 -2 0 0 0 0 0 0 0 0 0 0
0 -2 3.33333 -2 0 0 0 0 0 0 0 0 0
0 0 -2 3.5 -2 0 0 0 0 0 0 0 0
0 0 0 -2 3.6 -2 0 0 0 0 0 0 0
0 0 0 0 -2 3.66667 -2 0 0 0 0 0 0
0 0 0 0 0 -2 3.71429 -2 0 0 0 0 0
0 0 0 0 0 0 -2 3.75 -2 0 0 0 0
0 0 0 0 0 0 0 -2 3.77778 -2 0 0 0
0 0 0 0 0 0 0 0 -2 3.8 -2 0 0
0 0 0 0 0 0 0 0 0 -2 3.81818 -2 0
0 0 0 0 0 0 0 0 0 0 -2 3.83333 -2
0 0 0 0 0 0 0 0 0 0 0 -2 3.84615

