Testing
Matrix A:
9.815 8.776 9.533 6.115 9.366 
8.776 8.053 6.999 9.88 9.462 
9.533 6.999 9.485 5.942 8.935 
6.115 9.88 5.942 5.049 9.217 
9.366 9.462 8.935 9.217 9.537 

The vector w and the matrix V in the EVD class
w: 
-3.908 -0.9374 0.3483 4.092 42.34 

V: 
0.2146 0.1663 -0.7299 0.4224 0.4637 
-0.5678 -0.4751 -0.2383 -0.4347 0.4541 
-0.02256 -0.3864 0.5355 0.612 0.4345 
0.7535 -0.1648 0.1505 -0.4825 0.3867 
-0.2515 0.7551 0.3178 -0.1587 0.4903 

random matrix A =
9.815 8.776 9.533 6.115 9.366 
8.776 8.053 6.999 9.88 9.462 
9.533 6.999 9.485 5.942 8.935 
6.115 9.88 5.942 5.049 9.217 
9.366 9.462 8.935 9.217 9.537 

The matrix V^T A V =
-3.908 -4.441e-16 -1.217e-10 -1.75e-13 3.497e-15 
-1.832e-15 -0.9374 -6.317e-14 1.013e-15 -1.046e-08 
-1.217e-10 -6.309e-14 0.3483 6.176e-16 1.858e-11 
-1.762e-13 -5.551e-17 1.61e-15 4.092 2.367e-11 
4.441e-15 -1.046e-08 1.858e-11 2.368e-11 42.34 

The approximated 0 matrix V^T A V =
-3.908 0 0 0 0 
0 -0.9374 0 0 0 
0 0 0.3483 0 0 
0 0 0 4.092 0 
0 0 0 0 42.34 

the matrix D =
-3.908 0 0 0 0 
0 -0.9374 0 0 0 
0 0 0.3483 0 0 
0 0 0 4.092 0 
0 0 0 0 42.34 


Check V^T A V ≈ D: PASS
Check V D V^T ≈ A: PASS
Check V^T V ≈ I: PASS
Check V V^T ≈ I: PASS
Running convergence for Δr on one thread
Time taken: 0.785269 seconds
Running convergence for rmax on one thread
Time taken: 0.798157 seconds
Running convergence for Δr in parallel...
Δr   time(s)
0.05 0.72
0.10 0.15
0.15 0.06
0.20 0.02
0.25 0.01
0.30 0.00
0.35 0.00
0.40 0.00
0.45 0.00
0.50 0.00
0.55 0.00
0.60 0.00
0.65 0.00
0.70 0.00
0.75 0.00
0.80 0.00
0.85 0.00
0.90 0.00
0.95 0.00
Running convergence for rmax in parallel...
rmax time(s)
1.0 0.00
1.5 0.00
2.0 0.00
2.5 0.00
3.0 0.00
3.5 0.00
4.0 0.00
4.5 0.00
5.0 0.00
5.5 0.00
6.0 0.00
6.5 0.00
7.0 0.00
7.5 0.00
8.0 0.01
8.5 0.01
9.0 0.01
9.5 0.01
10.0 0.02
10.5 0.02
11.0 0.02
11.5 0.04
12.0 0.03
12.5 0.04
13.0 0.05
13.5 0.07
14.0 0.06
14.5 0.06
15.0 0.07
15.5 0.08
16.0 0.07
16.5 0.12
17.0 0.10
17.5 0.12
18.0 0.12
18.5 0.14
19.0 0.14
19.5 0.17
20.0 0.13
