Testing
Matrix A:
7.063 8.555 8.889 6.763 8.274 
8.555 6.287 5.197 9.24 8.746 
8.889 5.197 8.547 9.01 8.302 
6.763 9.24 9.01 9.65 5.212 
8.274 8.746 8.302 5.212 9.985 

The vector w and the matrix V in the EVD class
w: 
-4.8 -0.4879 2.397 4.824 39.6
V: 
0.3659 0.7987 0.07468 -0.1527 0.4464 
-0.6402 0.1149 -0.6259 0.01774 0.43 
-0.4507 -0.09794 0.7567 0.1004 0.4524 
0.4183 -0.2912 -0.1524 0.7178 0.4492 
0.2795 -0.5045 -0.08326 -0.6716 0.4576 

random matrix A =
7.063 8.555 8.889 6.763 8.274 
8.555 6.287 5.197 9.24 8.746 
8.889 5.197 8.547 9.01 8.302 
6.763 9.24 9.01 9.65 5.212 
8.274 8.746 8.302 5.212 9.985 

The matrix V^T A V =
-4.8 5.551e-16 2.787e-12 -7.883e-15 -5.445e-08 
-1.249e-16 -0.4879 -1.493e-14 0 5.947e-09 
2.787e-12 -1.59e-14 2.397 1.193e-15 1.533e-12 
-7.438e-15 -2.22e-16 4.996e-16 4.824 -3.666e-13 
-5.445e-08 5.947e-09 1.535e-12 -3.624e-13 39.6 

The approximated 0 matrix V^T A V =
-4.8 0 0 0 0 
0 -0.4879 0 0 0 
0 0 2.397 0 0 
0 0 0 4.824 0 
0 0 0 0 39.6 

the matrix D =
-4.8 0 0 0 0 
0 -0.4879 0 0 0 
0 0 2.397 0 0 
0 0 0 4.824 0 
0 0 0 0 39.6 


Check V^T A V ≈ D: PASS
Check V D V^T ≈ A: PASS
Check V^T V ≈ I: PASS
Check V V^T ≈ I: PASS
Running convergence for Δr on one thread
Time taken: 1.88512 seconds
Running convergence for rmax on one thread
Time taken: 1.8422 seconds
Running convergence for Δr in parallel...
Δr   time(s)
0.05 1.86
0.10 0.43
0.15 0.19
0.20 0.11
0.25 0.06
0.30 0.03
0.35 0.03
0.40 0.03
0.45 0.02
0.50 0.02
0.55 0.01
0.60 0.01
0.65 0.02
0.70 0.01
0.75 0.01
0.80 0.01
0.85 0.00
0.90 0.01
0.95 0.01
Running convergence for rmax in parallel...
rmax time(s)
1.0 0.00
1.5 0.00
2.0 0.00
2.5 0.00
3.0 0.00
3.5 0.00
4.0 0.00
4.5 0.00
5.0 0.01
5.5 0.01
6.0 0.01
6.5 0.01
7.0 0.02
7.5 0.03
8.0 0.02
8.5 0.02
9.0 0.03
9.5 0.04
10.0 0.04
10.5 0.05
11.0 0.06
11.5 0.09
12.0 0.09
12.5 0.09
13.0 0.18
13.5 0.17
14.0 0.23
14.5 0.22
15.0 0.23
15.5 0.23
16.0 0.24
16.5 0.22
17.0 0.29
17.5 0.34
18.0 0.38
18.5 0.30
19.0 0.40
19.5 0.31
20.0 0.35
