
Doing one testQRGSdecomp verbose test:
---------------------------------------
Randomized 6x3 matrix: 
1.463 9.513 5.273 
5.792 1.743 5.841 
3.564 7.066 4.875 
1.612 8.084 0.2638 
2.162 1.245 6.211 
1.21 7.458 7.406 

Q^T * Q 
1 5.551e-17 3.053e-16 
5.551e-17 1 0 
3.053e-16 0 1 

Q^T * Q (Aprroximate 0) 
1 0 0 
0 1 0 
0 0 1 

R 
7.559 9.784 10.81 
0 13.05 4.145 
0 0 6.712 

R is upper triangular?    True

Q*R = Q
Q*R: 
1.463 9.513 5.273 
5.792 1.743 5.841 
3.564 7.066 4.875 
1.612 8.084 0.2638 
2.162 1.245 6.211 
1.21 7.458 7.406 

A: 
1.463 9.513 5.273 
5.792 1.743 5.841 
3.564 7.066 4.875 
1.612 8.084 0.2638 
2.162 1.245 6.211 
1.21 7.458 7.406 

Q*R = A? (Aprroximate)   True
---------------------------------------
testQRGSdecomp passed succesufully

Testing QR decomp on 2000 0-20 x 0-20 matricies
testQRGSdecomp passed succesufully

Doing one testQRGSsolve verbose test:
---------------------------------------
Randomized 10x10 matrix: 
8.538 2.188 1.162 1.503 3.096 2.205 5.293 2.012 7.908 5.849 
7.248 0.8222 9.831 8.716 9.851 2.298 2.652 7.178 0.2112 0.9445 
4.887 0.07193 4.22 5.742 6.842 2.436 8.294 1.512 5.639 4.707 
3.267 7.243 3.242 9.948 7.352 6.629 3.578 7.975 4.961 9.918 
1.219 5.88 6.018 8.646 1.098 8.677 2.383 9.354 7.314 9.531 
1.438 0.0979 2.145 3.12 4.486 0.4576 2.398 7.055 7.989 4.238 
6.806 7.158 1.157 3.714 9.884 0.9051 0.3429 0.3567 4.574 5.248 
9.779 3.926 2.166 4.367 0.3664 8.981 6.158 4.741 6.702 7.597 
6.77 1.705 3.195 7.421 0.2538 9.154 2.25 6.15 6.261 8.276 
3.02 0.3461 8.356 2.417 3.425 7.888 5.371 7.613 2.212 8.567 

R = 
18.99 8.199 10.47 14.6 12.96 13.7 11.43 12.52 14.69 16.95 
0 9.745 0.9551 7.348 4.421 5.514 -0.7041 5.7 4.887 8.999 
0 0 11.95 8.412 5.959 6.457 3.779 11.22 1.014 5.783 
0 0 0 7.114 0.4434 2.043 0.953 3.316 3.201 1.539 
0 0 0 0 10.74 -8.682 -0.4064 -3.256 -1.596 -4.325 
0 0 0 0 0 4.874 4 2.207 3.202 6.854 
0 0 0 0 0 0 6.127 -0.1199 4.489 2.318 
0 0 0 0 0 0 0 5.964 5.629 2.592 
0 0 0 0 0 0 0 0 5.528 2.493 
0 0 0 0 0 0 0 0 0 1.864 

Solve for vector b = 
57 81 45 66 53 92 41 70 58 38
Solution x = 
2.43 -1.147 -4.936 -1.455 5.231 4.083 1.005 9.446 5.062 -7.332
A*x = 
57 81 45 66 53 92 41 70 58 38
---------------------------------------
testQRGSsolve passed succesufully

Testing solve on 2000 0-20 x 0-20 matricies and 0-20 vector
testQRGSsolve passed succesufully

Doing one testQRGSinverse verbose test:
---------------------------------------
Randomized 18x18 matrix: 
9.259 4.533 5.489 4.505 5.47 9.648 9.577 8.335 6.055 1.917 4.431 5.275 1.16 3.916 0.6217 1.81 6.876 8.717 
8.449 1.959 3.402 8.307 6.265 9.575 7.731 6.82 7.641 5.74 6.947 8.178 0.0603 4.555 5.978 8.277 0.04837 4.289 
8.996 9.987 3.455 3.205 2.223 0.1159 5.102 2.417 3.766 3.539 9.58 3.157 0.4321 3.682 7.164 3.293 4.016 9.541 
0.934 0.665 5.328 0.7393 8.232 0.01515 2.214 9.866 9.294 6.673 6.744 0.5998 2.453 5.424 5.338 9.183 1.468 3.953 
1.315 5.537 4.767 7.095 1.274 4.825 4.747 7.345 9.95 2.973 5.466 0.04508 8.364 4.286 6.413 2.369 9.988 8.678 
7.123 4.723 0.03408 4.214 4.345 5.921 1.052 0.5774 1.472 1.028 0.805 6.866 1.375 7.896 0.3908 1.064 8.864 2.623 
3.234 1.046 5.334 2.086 7.472 6.018 0.3552 3.329 7.052 0.7322 6.45 6.952 8.24 2.395 3.98 6.77 3.208 8.05 
8.992 6.311 1.598 1.455 4.112 6.696 4.352 5.373 0.001432 1.32 3.191 3.94 8.664 5.211 2.701 1.187 9.545 8.797 
1.052 9.648 9.778 2.134 9.319 8.447 6.064 8.887 6.075 3.403 0.04503 4.582 1.996 9.131 4.103 0.4121 4.611 5.488 
6.864 6.127 6.171 9.02 4.072 8.605 9.266 0.7499 7.187 4.72 0.6634 7.971 6.525 1.49 0.01264 8.456 0.8314 3.286 
9.779 4.769 2.063 9.621 3.742 5.145 2.282 0.4605 9.546 7.274 0.6399 3.048 3.33 5.829 0.674 1.626 7.072 3.888 
1.308 9.764 6.122 9.895 9.018 9.557 1.902 5.061 3.456 3.265 5.256 4.834 6.487 7.72 2.665 2.058 3.575 8.094 
1.399 0.3682 2.356 7.029 4.552 3.92 4.24 1.119 5.43 8.837 9.565 8.57 9.463 4.718 3.545 8.325 6.483 4.362 
2.331 2.12 7.23 1.54 6.585 8.761 0.7768 6.713 8.655 6.765 9.903 2.756 0.7718 8.347 3.168 7.982 2.671 7.675 
1.607 7.252 8.751 6.071 8.809 8.448 0.4862 0.5148 2.515 9.056 4.334 2.517 4.585 2.793 9.612 3.849 8.471 4.424 
7.407 0.6056 8.252 6.478 7.156 0.4678 9.637 6.508 3.199 3.103 6.656 7.332 1.547 8.174 1.173 3.671 4.478 8.497 
6.495 7.093 6.671 2.715 1.022 5.722 1.113 5.62 8.108 4.582 3.809 7.379 0.6712 1.792 6.929 0.4685 7.94 5.568 
2.988 2.92 4.816 6.23 1.597 4.703 2.124 5.221 1.036 2.855 2.595 3.738 9.924 6.165 2.548 3.027 2.232 5.068 

 Matrix inv = 
0.3327 -0.0859 0.1516 0.06688 -0.1125 0.1124 0.0963 -0.2603 0.01102 -0.09154 0.04935 -0.1308 0.01842 -0.1073 0.05737 -0.1592 -0.09975 0.2878 
0.09192 -0.06996 0.08088 0.05821 -0.03585 0.05659 -0.01781 -0.07739 0.0079 0.02372 -0.02659 0.02844 0.01833 -0.0416 -0.007655 -0.08697 -0.003471 0.05274 
0.342 -0.1561 0.1306 0.04672 -0.08082 0.1233 0.08866 -0.3401 0.01933 -0.0517 -0.01455 -0.1324 0.015 -0.07008 0.09299 -0.1161 -0.07591 0.311 
-0.07331 0.03889 -0.05434 0.006729 0.05101 0.0007354 -0.04539 0.02416 -0.0835 0.02945 -0.007462 0.09347 -0.04878 -0.006679 0.004745 0.07013 0.03444 -0.04704 
0.1386 -0.02883 0.04064 0.05652 -0.06366 0.02628 0.07839 -0.09068 0.03285 -0.06373 0.03387 0.0004229 0.02812 -0.09279 0.03957 -0.05503 -0.07744 0.03192 
0.08802 0.019 0.005612 -0.0453 -0.007752 0.0158 0.01841 -0.04501 0.02116 -0.02353 -0.004755 -0.03463 0.009458 0.02754 0.02463 -0.07147 -0.04062 0.05569 
0.08374 0.007764 0.05278 -0.03187 0.01425 -0.003662 0.006837 -0.05494 0.08003 -0.01318 -0.002729 -0.07829 0.05546 -0.03726 0.008068 -0.02806 -0.08463 0.02757 
0.0004478 0.01177 -0.06006 0.08471 -0.006004 -0.01343 -0.06734 0.05807 -0.05672 0.006465 -0.03997 0.07487 -0.02149 -0.01883 -0.03045 0.0119 0.07966 -0.005891 
0.1355 -0.03813 0.0709 0.007569 -0.005839 0.03218 0.08954 -0.159 0.06752 -0.05015 0.06003 -0.07102 0.04129 -0.04666 -0.0175 -0.09527 -0.05175 0.0807 
-0.3481 0.09651 -0.1606 -0.05592 0.01541 -0.2199 -0.1476 0.3595 -0.01826 0.07577 0.05131 0.1139 0.002649 0.1273 -0.04745 0.1655 0.1417 -0.2767 
0.7473 -0.2196 0.327 0.1077 -0.1726 0.2435 0.1693 -0.6447 0.0575 -0.2218 -0.0028 -0.1907 0.1787 -0.2033 0.09407 -0.3659 -0.2247 0.5411 
-0.2451 0.07529 -0.1077 -0.05029 0.01376 -0.07245 -0.03844 0.1929 -0.005532 0.05846 -0.02543 0.08996 0.007498 0.04169 -0.07205 0.1245 0.1409 -0.1864 
0.3011 -0.101 0.1322 0.04401 -0.08131 0.06746 0.1123 -0.2424 0.06764 -0.09345 0.03583 -0.1145 0.08944 -0.1224 0.03333 -0.1787 -0.118 0.2825 
-0.02477 0.01293 0.04126 -0.04043 0.01409 0.06081 0.01038 -0.04872 0.07566 -0.03623 0.02138 -0.06887 0.00597 0.03611 -0.01575 -0.00804 -0.0684 0.07573 
-0.1555 0.1205 -0.011 -0.0582 0.06272 -0.03448 0.02053 0.07724 0.04457 -0.02267 -0.001268 -0.04065 -0.0368 -0.002161 0.02306 0.0424 0.0007704 -0.04938 
-0.364 0.076 -0.1481 0.01906 0.1108 -0.02125 -0.1168 0.2989 -0.1236 0.194 -0.09043 0.1046 -0.1223 0.1418 -0.03041 0.1744 0.1043 -0.2659 
0.02886 -0.04657 -0.02998 0.03516 0.04225 0.07804 -0.03053 -0.001487 -0.05167 0.02157 -0.04249 -0.003338 -0.002198 -0.002674 0.03188 0.01618 0.01992 -0.03388 
-0.9549 0.2744 -0.3854 -0.198 0.225 -0.3889 -0.2034 0.8601 -0.1111 0.2451 0.001504 0.3084 -0.1913 0.3252 -0.1493 0.5002 0.2908 -0.7546 

matrix_inv*matrix (approximate) = 
1 0 0 0 0 0 0 0 0 0 0 0 0 0 0 0 0 0 
0 1 0 0 0 0 0 0 0 0 0 0 0 0 0 0 0 0 
0 0 1 0 0 0 0 0 0 0 0 0 0 0 0 0 0 0 
0 0 0 1 0 0 0 0 0 0 0 0 0 0 0 0 0 0 
0 0 0 0 1 0 0 0 0 0 0 0 0 0 0 0 0 0 
0 0 0 0 0 1 0 0 0 0 0 0 0 0 0 0 0 0 
0 0 0 0 0 0 1 0 0 0 0 0 0 0 0 0 0 0 
0 0 0 0 0 0 0 1 0 0 0 0 0 0 0 0 0 0 
0 0 0 0 0 0 0 0 1 0 0 0 0 0 0 0 0 0 
0 0 0 0 0 0 0 0 0 1 0 0 0 0 0 0 0 0 
0 0 0 0 0 0 0 0 0 0 1 0 0 0 0 0 0 0 
0 0 0 0 0 0 0 0 0 0 0 1 0 0 0 0 0 0 
0 0 0 0 0 0 0 0 0 0 0 0 1 0 0 0 0 0 
0 0 0 0 0 0 0 0 0 0 0 0 0 1 0 0 0 0 
0 0 0 0 0 0 0 0 0 0 0 0 0 0 1 0 0 0 
0 0 0 0 0 0 0 0 0 0 0 0 0 0 0 1 0 0 
0 0 0 0 0 0 0 0 0 0 0 0 0 0 0 0 1 0 
0 0 0 0 0 0 0 0 0 0 0 0 0 0 0 0 0 1 

---------------------------------------
testQRGSinverse passed succesufully

Testing inverse on 2000 0-20 x 0-20 matricies
testQRGSinverse passed succesufully
---------------------------------------
Time count for QR-decomposition can be seen in plot.benchmark.svg
