
Doing one testQRGSdecomp verbose test:
---------------------------------------
Randomized 6x3 matrix: 
6.457 0.103 1.001 
3.631 5.496 1.094 
9.218 4.983 1.745 
3.508 5.113 9.675 
1.667 1.735 4.176 
2.239 1.953 3.468 

Q^T * Q 
1 2.429e-17 -6.939e-17 
2.429e-17 1 1.388e-16 
-6.939e-17 1.388e-16 1 

Q^T * Q (Aprroximate 0) 
1 0 0 
0 1 0 
0 0 1 

R 
12.65 7.255 5.945 
0 5.948 5.913 
0 0 7.616 

R is upper triangular?    True

Q*R = Q
Q*R: 
6.457 0.103 1.001 
3.631 5.496 1.094 
9.218 4.983 1.745 
3.508 5.113 9.675 
1.667 1.735 4.176 
2.239 1.953 3.468 

A: 
6.457 0.103 1.001 
3.631 5.496 1.094 
9.218 4.983 1.745 
3.508 5.113 9.675 
1.667 1.735 4.176 
2.239 1.953 3.468 

Q*R = A? (Aprroximate)   True
---------------------------------------
testQRGSsolve passed succesufully

Testing QR decomp on 2000 0-20 x 0-20 matricies
testQRGSsolve passed succesufully

Doing one testQRGSsolve verbose test:
---------------------------------------
Randomized 10x10 matrix: 
9.979 4.586 0.06634 8.337 6.765 0.1331 3.808 8.297 9.026 9.506 
0.8648 1.88 1.319 6.848 1.341 6.162 6.3 8.437 1.392 2.356 
8.896 8.807 2.591 9.884 9.486 4.183 5.906 3.711 6.182 4.579 
4.279 8.124 3.555 2.225 4.255 6.561 7.209 5.91 6.305 2.492 
1.421 3.004 2.212 2.183 6.94 5.354 5.201 5.161 2.451 8.003 
1.936 7.197 5.734 7.432 1.24 2.577 4.897 7.738 6.391 6.446 
6.879 2.855 7.243 6.515 6.166 1.988 0.6824 9.927 3.998 3.54 
7.138 0.5199 0.248 1.208 9.297 0.9108 0.4979 2.51 9.182 1.173 
5.651 6.088 1.706 8.26 1.377 3.649 8.349 6.131 4.438 3.021 
6.803 9.334 2.752 5.588 2.255 1.01 7.766 4.634 9.222 2.424 

R = 
19.49 15.39 6.887 17.55 16.18 6.782 12.92 16.57 18.98 12.23 
0 11.17 4.772 6.075 -1.402 6.302 10.51 5.462 3.609 3.81 
0 0 7.188 2.451 2.108 2.193 -1.308 7.459 -0.1124 2.011 
0 0 0 8.449 -1.433 2.038 3.189 5.612 -1.974 3.76 
0 0 0 0 8.155 5.216 1.699 1.038 0.6927 4.413 
0 0 0 0 0 5.574 4.582 4.306 -0.4266 -1.746 
0 0 0 0 0 0 3.089 2.577 2.858 3.011 
0 0 0 0 0 0 0 4.609 2.832 5.434 
0 0 0 0 0 0 0 0 4.396 -2.597 
0 0 0 0 0 0 0 0 0 2.726 

Solve for vector b = 
57 81 45 66 53 92 41 70 58 38 

Solution x = 
-0.2318 -11.86 6.316 6.642 -8.091 17.88 -2.985 -7.504 15.47 4.659 

A*x = 
57 81 45 66 53 92 41 70 58 38 

---------------------------------------
testQRGSsolve passed succesufully

Testing solve on 2000 0-20 x 0-20 matricies and 0-20 vector
testQRGSsolve passed succesufully

Doing one testQRGSinverse verbose test:
---------------------------------------
Randomized 18x18 matrix: 
3.605 3.449 2.249 3.336 6.773 8.116 2.972 8.412 9.113 0.3861 9.377 6.882 1.419 9.739 6.673 7.519 3.519 6.436 
4.752 8.217 5.488 2.964 6.503 9.951 0.9991 1.246 7.372 3.015 0.1163 4.253 0.1971 3.086 9.238 7.689 6.26 2.6 
2.643 0.1991 3.433 9.743 4.682 8.552 2.942 3.734 8.161 7.978 0.8537 8.38 0.2138 5.792 2.822 3.136 2.228 7.901 
6.851 1.368 7.606 7.593 4.672 6.215 6.389 8.292 0.7417 4.829 6.065 9.741 1.989 3.219 7.294 8.919 3.43 4.02 
2.085 7.785 5.14 4.793 5.346 7.193 9.41 8.059 9.903 6.021 2.453 2.134 6.13 5.249 8.677 5.98 0.336 5.071 
4.881 8.48 0.5689 5.037 8.304 3.925 8.364 4.049 9.122 5.867 4.295 2.122 6.719 4.19 4.043 9.021 5.273 8.094 
1.695 5.762 5.195 4.602 8.266 7.286 7.089 0.6685 3.363 5.652 5.204 9.577 5.756 4.155 9.158 0.933 4.447 1.643 
2.4 0.4486 3.803 3.77 5.681 9.59 0.4889 3.287 8.845 7.16 7.901 6.746 2.585 5.069 0.5444 3.577 3.649 7.433 
4.21 6.955 8.46 0.2503 0.89 7.205 4.926 1.078 9.113 1.184 6.746 5.154 0.5277 3.869 6.597 9.657 5.004 9.059 
1.555 1.082 8.338 5.028 1.644 8.037 7.755 9.787 5.124 5.767 5.283 8.611 7.255 4.112 6.47 1.258 9.485 9.386 
6.278 3.991 5.219 9.063 4.053 9.51 5.712 5.629 6.297 5.886 6.158 1.455 8.088 3.001 4.271 0.02598 8.899 6.709 
5.439 6.331 7.285 2.764 4.709 6.533 2.13 9.747 1.235 3.751 4.611 3.134 2.992 5.912 2.005 5.7 9.209 9.079 
1.623 5.777 5.734 1.039 9.563 3.504 9.17 6.27 2.622 0.8885 7.574 7.13 7.725 3.848 6.35 3.637 0.03102 4.159 
5.476 9.372 3.001 0.5922 3.072 8.872 2.201 2.347 1.602 5.144 8.782 5.454 3.423 7.673 0.9186 2.053 9.592 9.012 
6.112 7.405 8.181 1.924 6.998 4.609 3.46 0.02117 1.391 1.086 1.031 5.875 2.158 4.103 8.262 8.559 5.281 2.685 
5.299 6.185 3.515 1.708 3.285 2.108 2.013 2.671 2.128 6.858 3.924 8.201 6.155 9.614 1.516 7.163 6.406 1.173 
1.97 2.337 0.8365 5.931 5.94 2.994 0.4036 8.542 9.491 3.629 0.2373 3.988 2.837 4.094 8.18 7.798 6.086 2.831 
5.681 8.768 7.811 7.069 3.299 1.775 3.275 4.423 0.8271 7.471 3.083 5.152 2.672 5.494 9.81 1.863 5.004 3.777 

 Matrix inv = 
0.3043 0.6458 -0.09562 -0.02182 -0.2895 0.3727 -0.4843 0.08802 -0.3094 0.4335 -0.06118 -0.2604 0.1129 -0.2755 -0.1543 0.1282 -0.5565 0.3071 
-0.1346 -0.002994 0.09853 0.0003853 -0.0002012 -0.1147 0.06905 -0.1391 0.1492 -0.1801 0.05064 0.08303 0.1355 0.08832 -0.1655 0.03203 0.1404 -0.04274 
0.007658 0.02465 0.005152 -0.05294 -0.03785 -0.01945 0.07359 0.01197 0.07783 -0.02616 0.02847 0.1487 0.004296 -0.1771 -0.06085 0.05359 -0.08154 0.02849 
-0.2183 -0.4219 0.1612 0.04509 0.1313 -0.2822 0.2682 -0.1505 0.2478 -0.3758 0.1615 0.1438 0.002356 0.1906 0.0624 -0.05968 0.4018 -0.1922 
0.1131 0.1492 -0.04045 -0.05219 -0.1079 0.1565 0.008686 0.06774 -0.1055 0.08226 -0.05306 0.07113 -0.00594 -0.1769 -0.03481 0.002002 -0.1772 0.07448 
-0.1036 -0.1535 0.02655 0.05831 0.1667 -0.1678 0.05422 -0.003487 0.01814 -0.1108 0.04468 -0.02025 -0.03348 0.201 0.131 -0.06759 0.1627 -0.1517 
0.2311 0.3039 -0.05297 -0.02567 -0.149 0.2908 0.02684 -0.05256 -0.08589 0.2141 -0.07578 0.07718 -0.08283 -0.317 -0.2129 0.09033 -0.4096 0.1047 
0.06721 0.2306 -0.0167 0.009789 -0.08159 0.0718 -0.1033 -0.02503 -0.0614 0.09612 -0.03431 0.02929 0.08148 -0.106 -0.1909 0.05568 -0.1236 0.0743 
0.1743 0.415 -0.01527 -0.08711 -0.2241 0.2121 -0.136 -0.002173 -0.03915 0.1897 -0.01712 -0.0122 0.08718 -0.3053 -0.2866 0.1377 -0.3115 0.1609 
0.03673 0.07473 -0.1062 0.02185 0.02538 0.1297 -0.02057 0.1506 -0.1161 0.1174 -0.1058 -0.02635 -0.1157 -0.06149 -0.001381 -0.003752 -0.1314 0.09789 
-0.02143 -0.1456 -0.05027 0.03955 0.02233 -0.05365 0.1436 0.02719 0.09877 -0.126 0.03505 0.06496 -0.0404 0.02662 -0.03411 -0.03038 0.08794 -0.02457 
-0.01613 0.206 0.08298 0.01039 -0.143 0.01654 -0.1139 -0.07193 0.00869 0.06825 -0.02018 -0.08048 0.1761 -0.008614 -0.1637 0.08088 -0.04185 0.03683 
-0.2709 -0.4132 0.04976 0.03485 0.2373 -0.3048 -0.03561 0.02204 0.07121 -0.1882 0.1229 -0.1525 0.08253 0.383 0.3311 -0.08013 0.4431 -0.1905 
0.1017 -0.1505 0.002962 -0.05759 0.09032 -0.02439 0.07231 0.0005843 -0.0316 -0.007279 -0.007883 0.03973 -0.132 -0.01187 0.1457 0.01185 -0.02533 -0.01834 
-0.01344 -0.1654 -0.07566 0.03041 0.1321 -0.05533 -0.0527 0.08824 -0.07685 0.04425 -0.03658 -0.1715 -0.08171 0.1823 0.2606 -0.13 0.1339 0.01457 
-0.206 -0.4197 0.02386 0.09004 0.2186 -0.2135 0.1783 -0.008441 0.1506 -0.256 0.03757 0.05781 -0.08742 0.2395 0.2172 -0.08203 0.3681 -0.2134 
0.1063 0.1342 -0.05259 -0.04183 -0.137 0.1421 0.1161 -0.04033 -3.41e-05 0.08944 -0.01952 0.1304 -0.0939 -0.1898 -0.1386 0.05696 -0.1447 0.03404 
-0.1134 -0.2484 0.04717 0.006528 0.1161 -0.08993 -0.09767 0.05519 -0.009159 -0.02189 -0.01654 -0.1256 0.01537 0.2626 0.2724 -0.1459 0.2051 -0.04392 

matrix_inv*matrix (approximate) = 
1 0 0 0 0 0 0 0 0 0 0 0 0 0 0 0 0 0 
0 1 0 0 0 0 0 0 0 0 0 0 0 0 0 0 0 0 
0 0 1 0 0 0 0 0 0 0 0 0 0 0 0 0 0 0 
0 0 0 1 0 0 0 0 0 0 0 0 0 0 0 0 0 0 
0 0 0 0 1 0 0 0 0 0 0 0 0 0 0 0 0 0 
0 0 0 0 0 1 0 0 0 0 0 0 0 0 0 0 0 0 
0 0 0 0 0 0 1 0 0 0 0 0 0 0 0 0 0 0 
0 0 0 0 0 0 0 1 0 0 0 0 0 0 0 0 0 0 
0 0 0 0 0 0 0 0 1 0 0 0 0 0 0 0 0 0 
0 0 0 0 0 0 0 0 0 1 0 0 0 0 0 0 0 0 
0 0 0 0 0 0 0 0 0 0 1 0 0 0 0 0 0 0 
0 0 0 0 0 0 0 0 0 0 0 1 0 0 0 0 0 0 
0 0 0 0 0 0 0 0 0 0 0 0 1 0 0 0 0 0 
0 0 0 0 0 0 0 0 0 0 0 0 0 1 0 0 0 0 
0 0 0 0 0 0 0 0 0 0 0 0 0 0 1 0 0 0 
0 0 0 0 0 0 0 0 0 0 0 0 0 0 0 1 0 0 
0 0 0 0 0 0 0 0 0 0 0 0 0 0 0 0 1 0 
0 0 0 0 0 0 0 0 0 0 0 0 0 0 0 0 0 1 

---------------------------------------
testQRGSinverse passed succesufully

Testing inverse on 2000 0-20 x 0-20 matricies
testQRGSsolve passed succesufully
