
Doing one testQRGSdecomp verbose test:
---------------------------------------
Randomized 6x3 matrix: 
0.5116 0.204 1.483 
5.428 9.371 0.4118 
1.417 0.4676 8.968 
3.032 4.407 3.875 
0.5617 9.776 8.836 
4.791 3.603 5.251 

Q^T * Q 
1 2.776e-17 -2.776e-17 
2.776e-17 1 -1.943e-16 
-2.776e-17 -1.943e-16 1 

Q^T * Q (Aprroximate 0) 
1 0 0 
0 1 0 
0 0 1 

R 
8.012 10.95 7.186 
0 9.803 5.307 
0 0 11.12 

R is upper triangular?    True

Q*R = Q
Q*R: 
0.5116 0.204 1.483 
5.428 9.371 0.4118 
1.417 0.4676 8.968 
3.032 4.407 3.875 
0.5617 9.776 8.836 
4.791 3.603 5.251 

A: 
0.5116 0.204 1.483 
5.428 9.371 0.4118 
1.417 0.4676 8.968 
3.032 4.407 3.875 
0.5617 9.776 8.836 
4.791 3.603 5.251 

Q*R = A? (Aprroximate)   True
---------------------------------------
testQRGSsolve passed succesufully

Testing QR decomp on 2000 0-20 x 0-20 matricies
testQRGSsolve passed succesufully

Doing one testQRGSsolve verbose test:
---------------------------------------
Randomized 10x10 matrix: 
0.8412 6.682 2.506 1.877 5.882 8.086 4.098 9.774 6.9 6.512 
2.244 0.7563 8.404 5.393 7.165 3.1 7.785 8.332 4.778 2.478 
6.264 2.001 3.372 1.566 7.232 3.326 5.91 1.803 3.86 4.395 
9.336 9.214 2.836 8.021 1.309 6.681 1.409 0.4406 2.016 1.584 
4.43 0.5217 0.3481 5.031 2.205 6.761 7.459 3.872 4.385 9.788 
4.208 3.679 3.565 2.232 8.613 6.259 0.4191 0.9191 6.689 5.359 
6.26 3.203 2.071 4.864 9.815 4.112 2.988 1.991 7.257 6.632 
4.282 2.912 5.686 6.147 2.229 9.264 9.879 2.34 0.4153 9.853 
8.381 6.806 7.031 7.111 3.049 9.489 5.22 8.393 7.057 9.701 
4.732 5.156 4.68 6.285 8.432 1.175 7.128 8.105 4.121 4.451 

R = 
17.88 13.29 11.38 15.45 14.6 16.99 13.67 10.88 13.03 17.08 
0 7.932 1.66 1.698 1.539 4.552 -0.953 6.577 2.958 0.6934 
0 0 9.209 3.644 6.484 3.65 8.918 9.348 3.761 4.584 
0 0 0 5.14 -2.685 1.363 4.637 2.442 -1.583 2.812 
0 0 0 0 11.66 -0.3263 2.438 3.682 6.661 3.366 
0 0 0 0 0 9.223 3.808 1.487 3.219 9.573 
0 0 0 0 0 0 6.743 3.607 -1.684 2.605 
0 0 0 0 0 0 0 6.786 4.498 1.968 
0 0 0 0 0 0 0 0 0.1421 -2.511 
0 0 0 0 0 0 0 0 0 2.972 

Solve for vector b = 
57 81 45 66 53 92 41 70 58 38 

Solution x = 
116.6 -156 -65.14 18.1 132.6 141.6 -149.9 168 -251.5 -13.28 

A*x = 
57 81 45 66 53 92 41 70 58 38 

---------------------------------------
testQRGSsolve passed succesufully

Testing solve on 2000 0-20 x 0-20 matricies and 0-20 vector
testQRGSsolve passed succesufully

Doing one testQRGSinverse verbose test:
---------------------------------------
Randomized 18x18 matrix: 
6.892 1.38 4.928 8.97 1.689 3.96 2.171 4.128 3.538 0.656 8.917 9.735 1.637 0.3589 1.495 2.432 0.3383 0.5072 
5.467 8.076 7.225 4.298 5.067 5.488 0.7682 6.036 2.783 9.67 6.411 6.251 5.142 7.472 8.686 9.851 1.865 0.9886 
7.089 7.051 6.635 4.604 7.782 9.997 0.871 7.428 2.022 9.791 5.801 7.394 5.624 3.5 1.552 7.184 4.579 3.672 
4.736 5.997 1.728 6.363 9.932 2.831 4.162 5.837 7.434 4.571 6.835 8.601 9.548 7.235 6.657 1.509 8.263 3.601 
2.123 2.158 5.768 3.705 5.231 6.03 1.06 7.854 5.246 7.043 9.92 8.658 9.241 7.585 0.855 2.714 7.108 6.815 
7.959 0.6129 2.306 5.785 1.886 9.582 6.258 1.482 0.2777 6.597 0.04398 0.8335 7.157 6.12 0.8487 3.978 3.619 9.621 
1.076 2.121 1.778 0.9694 0.2092 8.28 8.762 3.707 7.004 1.934 6.456 1.892 5.801 2.622 3.933 6.05 5.21 0.9612 
0.6139 5.272 0.889 2.76 3.426 5.35 4.558 9.818 6.791 4.67 1.556 7.373 1.639 5.109 5.997 2.736 5.453 2.469 
5.685 5.507 1.654 9.412 0.1356 8.965 5.988 7.588 2.744 3.901 8.875 7.518 8.873 2.668 5.313 1.391 7.377 5.127 
8.865 7.862 1.733 9.503 7.193 7.778 4.837 7.158 6.47 5.688 1.037 2.063 4.099 5.777 1.766 9.22 5.932 7.514 
8.902 6.896 7.513 7.231 5.685 4.411 4.797 8.493 3.381 3.565 8.486 6.844 7.394 2.134 2.946 2.953 5.068 3.461 
5.444 1.507 8.055 2.97 2.919 6.887 0.4203 6.187 9.548 0.05764 2.132 7.381 6.184 0.8016 5.562 2.717 7.297 9.76 
6.052 5.771 3.404 4.109 6.036 8.104 7.878 3.462 7.227 2.463 8.731 9.011 3.519 0.2194 7.618 3.697 7.104 2.105 
9.287 4.918 5.591 9.464 8.355 7.578 0.04491 8.298 8.637 8.377 7.692 6.206 4.37 2.726 7.321 6.954 5.511 6.43 
4.764 8.754 5.192 0.4122 7.134 2.658 8.75 8.506 9.214 1.125 3.58 8.469 8.589 4.907 2.212 2.822 8.161 3.582 
8.969 7.384 5.061 4.957 1.6 0.5868 4.497 0.7458 7.03 5.985 5.467 0.5964 6.076 7.681 5.646 5.69 6.129 2.48 
8.178 3.639 8.276 5.312 3.16 6.473 2.277 7.89 6.088 0.1536 6.911 0.1739 4.956 1.973 8.201 9.393 4.461 3.275 
0.2511 0.4431 4.111 9.252 8.441 7.607 3.465 9.538 8.214 3.448 5.292 0.775 5.666 6.465 5.731 4.755 5.899 0.3816 

 Matrix inv = 
0.09461 -0.1093 0.1054 -0.08758 -0.02111 0.1191 -0.2217 -0.04022 0.1442 -0.1797 -0.4057 -0.1879 -0.0002949 0.1837 0.3282 0.0507 0.2028 0.005441 
0.02694 0.2953 -0.227 -1.043 0.2162 0.2063 -1.091 -0.7266 0.943 -0.3167 -1.575 -0.5804 0.4324 0.7581 1.606 -0.03226 0.2168 0.4196 
-0.04037 0.03875 -0.0113 0.02079 -0.009261 -0.04323 0.1027 0.05872 -0.1554 0.05899 0.3383 0.1624 0.01472 -0.1755 -0.2348 0.03769 -0.1168 0.02623 
-0.02148 -0.02004 0.006932 0.3254 -0.09769 -0.137 0.3853 0.1928 -0.2886 0.2244 0.6607 0.2791 -0.1324 -0.3188 -0.6282 0.01597 -0.2061 -0.08234 
-0.01951 0.03917 -0.04323 -0.0953 0.04151 0.05239 -0.1707 -0.1261 0.05958 -0.03345 -0.1821 -0.104 0.1117 0.1133 0.2159 -0.05849 0.04013 0.07657 
0.1103 0.1909 -0.09384 -1.042 0.1984 0.3127 -1.147 -0.7059 0.9718 -0.4544 -1.811 -0.6417 0.4298 0.7963 1.692 -0.02983 0.3383 0.4641 
-0.06059 -0.05037 -0.02482 0.3718 -0.08812 -0.07532 0.5017 0.3018 -0.4317 0.1909 0.8303 0.2504 -0.1132 -0.3403 -0.6894 -0.01168 -0.1892 -0.1636 
-0.003717 -0.0744 0.03323 0.08881 -0.02021 -0.009008 0.09187 0.1484 -0.07125 -0.01083 0.152 -0.005833 -0.1107 -0.01625 -0.1041 -0.02612 0.05469 -0.05989 
0.08858 0.1193 -0.1214 -0.6346 0.09522 0.1542 -0.6062 -0.4424 0.5546 -0.2775 -1.074 -0.3618 0.1824 0.6007 1.064 0.00907 0.1259 0.2726 
-0.08425 -0.1089 0.109 0.5015 -0.1397 -0.139 0.6464 0.3895 -0.502 0.1717 0.9608 0.3323 -0.2478 -0.3274 -0.8905 0.04691 -0.2588 -0.2231 
0.02432 0.1041 -0.1572 -0.5211 0.2096 0.1192 -0.5394 -0.3573 0.4406 -0.1869 -0.7921 -0.3686 0.2567 0.4237 0.7812 -0.02905 0.1794 0.1808 
0.02541 -0.09734 0.1284 0.5693 -0.1267 -0.1483 0.5726 0.3778 -0.4759 0.2136 0.8145 0.3533 -0.2182 -0.4573 -0.8441 -0.001223 -0.1647 -0.2517 
-0.001737 0.01204 0.04813 0.1779 -0.1034 -0.02345 0.1946 -0.02728 -0.02572 -0.009494 0.1281 0.08475 -0.171 -0.02078 -0.08853 -0.03402 -0.05245 -0.04834 
0.1156 0.1305 -0.1132 -0.6918 0.2159 0.2462 -0.8678 -0.4243 0.6265 -0.3015 -1.287 -0.4915 0.3008 0.4798 1.168 0.02403 0.3001 0.311 
-0.03876 0.04954 -0.05487 0.04607 -0.0343 0.01988 -0.0001367 0.03452 -0.006217 -0.03134 0.04143 0.0194 0.02436 0.00487 -0.05234 -0.02157 0.01862 -0.01149 
-0.07484 -0.1958 0.1988 1.129 -0.223 -0.3461 1.26 0.717 -1.014 0.5343 1.788 0.6932 -0.4566 -0.9141 -1.805 -0.001776 -0.2948 -0.5014 
-0.1396 -0.4023 0.3681 1.309 -0.2426 -0.4082 1.337 0.9378 -1.148 0.5422 2.087 0.8199 -0.4459 -1.158 -2.167 0.1402 -0.3144 -0.5277 
-0.05587 0.1359 -0.2225 -0.2892 0.1485 0.07264 -0.2569 -0.1893 0.1832 0.00578 -0.2655 -0.1103 0.1621 0.2102 0.3349 -0.07797 0.01415 0.06154 

matrix_inv*matrix (approximate) = 
1 0 0 0 0 0 0 0 0 0 0 0 0 0 0 0 0 0 
0 1 0 0 0 0 0 0 0 0 0 0 0 0 0 0 0 0 
0 0 1 0 0 0 0 0 0 0 0 0 0 0 0 0 0 0 
0 0 0 1 0 0 0 0 0 0 0 0 0 0 0 0 0 0 
0 0 0 0 1 0 0 0 0 0 0 0 0 0 0 0 0 0 
0 0 0 0 0 1 0 0 0 0 0 0 0 0 0 0 0 0 
0 0 0 0 0 0 1 0 0 0 0 0 0 0 0 0 0 0 
0 0 0 0 0 0 0 1 0 0 0 0 0 0 0 0 0 0 
0 0 0 0 0 0 0 0 1 0 0 0 0 0 0 0 0 0 
0 0 0 0 0 0 0 0 0 1 0 0 0 0 0 0 0 0 
0 0 0 0 0 0 0 0 0 0 1 0 0 0 0 0 0 0 
0 0 0 0 0 0 0 0 0 0 0 1 0 0 0 0 0 0 
0 0 0 0 0 0 0 0 0 0 0 0 1 0 0 0 0 0 
0 0 0 0 0 0 0 0 0 0 0 0 0 1 0 0 0 0 
0 0 0 0 0 0 0 0 0 0 0 0 0 0 1 0 0 0 
0 0 0 0 0 0 0 0 0 0 0 0 0 0 0 1 0 0 
0 0 0 0 0 0 0 0 0 0 0 0 0 0 0 0 1 0 
0 0 0 0 0 0 0 0 0 0 0 0 0 0 0 0 0 1 

---------------------------------------
testQRGSinverse passed succesufully

Testing inverse on 2000 0-20 x 0-20 matricies
testQRGSsolve passed succesufully
