
Doing one testQRGSdecomp verbose test:
---------------------------------------
Randomized 6x3 matrix: 
0.5492 3.688 3.793 
1.718 9.304 2.412 
1.453 3.315 4.134 
2.701 0.9412 2.262 
2.726 2.257 2.85 
3.574 0.2951 6.023 

Q^T * Q 
1 5.551e-17 2.498e-16 
5.551e-17 1 2.776e-17 
2.498e-16 2.776e-17 1 

Q^T * Q (Aprroximate 0) 
1 0 0 
0 1 0 
0 0 1 

R 
5.733 5.681 8.309 
0 9.216 1.438 
0 0 3.961 

R is upper triangular?    True

Q*R = Q
Q*R: 
0.5492 3.688 3.793 
1.718 9.304 2.412 
1.453 3.315 4.134 
2.701 0.9412 2.262 
2.726 2.257 2.85 
3.574 0.2951 6.023 

A: 
0.5492 3.688 3.793 
1.718 9.304 2.412 
1.453 3.315 4.134 
2.701 0.9412 2.262 
2.726 2.257 2.85 
3.574 0.2951 6.023 

Q*R = A? (Aprroximate)   True
---------------------------------------
testQRGSsolve passed succesufully

Testing QR decomp on 2000 0-20 x 0-20 matricies
testQRGSsolve passed succesufully

Doing one testQRGSsolve verbose test:
---------------------------------------
Randomized 10x10 matrix: 
2.851 4.343 7.816 7.425 2.295 5.424 9.819 4.58 8.959 7.682 
0.8877 7.377 2.962 5.223 3.696 9.753 5.996 0.366 3.935 7.573 
9.34 6.148 5.48 4.786 6.16 0.9541 7.283 3.564 8.208 3.923 
8.825 7.484 7.322 0.3257 8.218 8.792 9.703 9.728 3.311 6.776 
2.587 4.16 7.518 2.691 6.768 7.406 3.412 2.368 5.791 8.873 
1.717 7.334 2.76 1.69 4.554 5.416 4.254 4.689 1.605 2.201 
3.113 9.225 8.181 1.22 5.277 4.588 3.442 9.074 5.93 1.532 
2.272 7.444 7.143 4.246 0.5586 0.9895 0.6364 6.421 7.693 9.469 
7.178 1.672 4.043 4.319 4.559 4.351 1.21 2.428 2.522 0.413 
8.957 5.523 9.375 6.349 8.968 5.11 7.075 9.065 3.006 3.818 

R = 
18.17 15.01 17.59 10.16 16.29 12.8 15.81 15.86 12.86 11.84 
0 13.66 8.709 4.312 4.66 9.57 6.58 7.989 8.699 10.67 
0 0 7.399 3.806 1.213 1.782 1.547 3.362 5.256 5.789 
0 0 0 7.601 -1.347 1.41 2.74 -4.138 3.623 3.284 
0 0 0 0 5.488 7.024 2.358 -1.844 -3.27 -0.02334 
0 0 0 0 0 6.641 3.257 -0.2201 -0.3982 3.876 
0 0 0 0 0 0 7.331 0.803 1.384 0.7697 
0 0 0 0 0 0 0 4.463 -4.814 -4.3 
0 0 0 0 0 0 0 0 1.52 -3.314 
0 0 0 0 0 0 0 0 0 4.957 

Solve for vector b = 
57 81 45 66 53 92 41 70 58 38 

Solution x = 
-12.11 -20.09 -62.69 17.44 29.12 11.39 -14.49 42.92 33.57 7.247 

A*x = 
57 81 45 66 53 92 41 70 58 38 

---------------------------------------
testQRGSsolve passed succesufully

Testing solve on 2000 0-20 x 0-20 matricies and 0-20 vector
testQRGSsolve passed succesufully

Doing one testQRGSinverse verbose test:
---------------------------------------
Randomized 18x18 matrix: 
4.818 5.714 3.101 4.387 5.25 9.687 2.078 4.663 8.107 5.3 1.553 5.404 1.046 2.602 8.281 1.573 5.017 4.608 
0.2199 3.451 7.779 3.08 6.533 2.025 5.009 0.9728 4.713 1.424 5.375 6.105 1.063 1.103 4.441 6.132 2.184 2.361 
4.455 8.667 8.312 2.917 7.819 1.94 8.554 4.966 6.878 6.042 4.275 9.14 7.369 3.825 7.279 1.056 2.208 5.36 
3.584 2.342 3.569 6.263 9.845 5.938 1.022 2.116 7.766 6.724 1.02 0.08216 0.7871 1.582 0.5025 4.413 2.609 8.938 
5.789 9.641 5.572 4.432 4.241 2.019 7.225 0.2833 5.256 0.1494 8.171 9.437 4.681 8.24 8.855 7.983 0.08383 4.363 
1.621 3.883 8.813 0.6904 4.663 1.846 4.799 4.301 3.665 6.269 2.489 6.841 6.531 4.592 0.801 5.519 4.227 9.408 
6.693 9.175 7.828 1.305 5.081 6.075 1.125 5.579 7.146 1.435 4.639 4.043 5.304 8.006 9.686 1.212 9.462 1.163 
5.768 7.475 2.732 0.2364 4.261 9.079 1.149 2.076 0.5461 3.631 3.909 5.806 0.848 4.259 9.317 6.78 1.806 1.103 
6.928 8.541 1.983 0.07214 5.321 3.736 0.8492 8.753 7.51 1.391 5.064 9.103 5.409 6.157 5.681 3.693 6.488 3.979 
4.947 7.778 6.99 4.592 0.6334 2.414 9.927 6.985 5.615 2.891 4.474 6.136 8.751 5.319 6.914 8.509 3.905 5.175 
1.117 9.999 1.021 2.229 3.837 6.725 4.964 5.274 0.363 9.288 6.716 8.943 9.63 1.951 8.959 7.454 1.561 7.009 
5.405 6.265 3.208 0.5256 8.661 3.321 8.856 9.656 9.357 3.86 5.513 8.434 0.1306 2.162 4.054 0.4877 6.123 4.802 
1.674 2.738 2.936 8.213 3.538 3.805 5.741 5.875 2.882 8.534 6.887 4.953 1.204 8.361 1.448 4.939 8.85 9.135 
0.7201 7.423 2.529 6.698 2.799 1.741 5.494 8.266 1.367 0.9834 0.5974 9.796 1.886 2.203 9.277 4.747 1.562 0.3478 
7.845 4.139 9.712 4.703 0.1994 0.9694 2.833 4.171 7.027 4.535 7.098 9.763 8.74 2.725 5.697 9.264 7.18 9.113 
0.8662 2.064 2.625 2.545 4.636 8.269 8.913 9.586 5.507 8.217 1.665 7.866 9.706 8.018 3.739 5.052 3.793 4.038 
6.071 9.217 3.069 5.446 3.076 5.578 9.386 7.927 5.426 2.216 7.214 4.551 2.232 5.841 8.09 5.383 5.079 2.335 
6.188 7.939 0.2584 7.32 1.886 5.682 3.669 1.245 7.017 0.5809 2.558 1.935 0.6389 7.348 2.921 9.583 3.338 9.116 

 Matrix inv = 
-0.211 -0.134 0.08183 0.03405 -0.03182 -0.01524 0.0847 0.06526 -0.1726 -0.292 -0.01446 0.08587 -0.112 0.06451 0.1997 0.1017 0.1363 0.1092 
0.09597 0.2148 0.3127 -0.1478 -0.2584 -0.06856 -0.1979 0.08439 0.3122 0.1889 -0.05641 -0.2323 0.1185 -0.1226 -0.1574 -0.127 -0.003908 0.08915 
0.1181 0.05598 0.03828 -0.01622 -0.02589 0.1501 -0.09862 -0.001788 0.105 0.01469 -0.08114 -0.162 -0.004809 -0.03619 -0.03998 -0.05805 0.1619 -0.08654 
-0.1166 0.002564 0.115 -3.004e-05 -0.07044 0.01574 0.0433 -0.07777 -0.09711 -0.3743 0.007381 -0.08213 -0.0891 0.09322 0.1563 0.102 0.2562 0.1231 
-0.3012 -0.1084 -0.0875 0.1209 0.07186 0.01281 0.257 -0.04242 -0.3021 -0.3695 0.09724 0.2114 -0.1575 0.1518 0.1631 0.1484 0.04729 0.1046 
-0.105 -0.04046 -0.01961 -0.04799 -0.02853 0.2256 0.1162 -0.1181 -0.2379 -0.6519 0.06539 -0.01562 -0.2648 0.08323 0.2231 0.1982 0.4582 0.1682 
-0.1854 -0.06506 -0.001532 -0.02805 -0.0006661 -0.006352 0.1554 -0.01836 -0.2903 -0.2272 0.05942 0.1894 -0.105 0.07137 0.1264 0.1234 0.0392 0.15 
0.148 -0.07199 -0.1707 0.09923 0.1003 0.1496 -0.1076 -0.05061 0.1563 0.1548 -0.04118 -0.07815 0.008849 0.007227 -0.09945 -0.08281 0.1195 -0.2225 
0.38 0.2258 0.09989 -0.05234 -0.0574 -0.2045 -0.3117 0.07738 0.4771 0.7354 -0.1304 -0.1894 0.2736 -0.2356 -0.3198 -0.2138 -0.3475 -0.1763 
0.3374 0.2472 0.2979 -0.077 -0.2028 -0.317 -0.4096 0.277 0.5669 0.9158 -0.1709 -0.259 0.442 -0.2816 -0.3787 -0.2791 -0.4694 -0.2005 
0.07339 0.01117 -0.09169 0.02883 0.09738 0.08813 -0.0575 -0.09133 0.06932 -0.08554 0.02579 -0.07756 -0.01586 -0.05772 0.004109 -0.02684 0.2161 -0.1237 
-0.06355 0.05716 0.1438 -0.119 -0.09027 0.007578 -0.01988 0.009611 -0.02316 -0.2823 -0.01112 -0.01866 -0.04963 0.04521 0.1175 0.0915 0.08163 0.1441 
-0.2477 -0.08808 -0.00711 0.02995 0.004784 0.03359 0.2171 -0.1154 -0.2588 -0.4414 0.1144 0.08437 -0.2032 0.1043 0.2218 0.1905 0.1788 0.151 
0.1371 -0.01294 -0.04046 0.0168 0.104 -0.01207 -0.08511 0.04719 0.172 0.3073 -0.08352 -0.07355 0.1494 -0.06739 -0.1748 -0.07506 -0.1598 -0.1356 
0.09351 -0.1972 -0.3522 0.1563 0.3066 -0.03184 0.1495 -0.02752 -0.1636 0.3173 0.07183 0.2312 0.04119 0.06773 -0.07275 -0.07628 -0.3087 -0.2159 
0.04762 0.1371 0.016 0.004225 -0.07533 -0.1642 -0.1183 0.146 0.1938 0.4367 -0.05026 -0.03135 0.1527 -0.07907 -0.1418 -0.09345 -0.283 -0.04192 
-0.28 0.01679 0.05551 -0.07602 -0.1408 -0.1214 0.2642 0.01283 -0.2807 -0.2686 0.09312 0.2112 -0.05172 0.0923 0.1811 0.1295 -0.09377 0.2626 
-0.05957 -0.2913 -0.3589 0.1288 0.2907 0.2779 0.2289 -0.1915 -0.3604 -0.3327 0.1376 0.2379 -0.2016 0.1567 0.1426 0.06163 0.1395 -0.02654 

matrix_inv*matrix (approximate) = 
1 0 0 0 0 0 0 0 0 0 0 0 0 0 0 0 0 0 
0 1 0 0 0 0 0 0 0 0 0 0 0 0 0 0 0 0 
0 0 1 0 0 0 0 0 0 0 0 0 0 0 0 0 0 0 
0 0 0 1 0 0 0 0 0 0 0 0 0 0 0 0 0 0 
0 0 0 0 1 0 0 0 0 0 0 0 0 0 0 0 0 0 
0 0 0 0 0 1 0 0 0 0 0 0 0 0 0 0 0 0 
0 0 0 0 0 0 1 0 0 0 0 0 0 0 0 0 0 0 
0 0 0 0 0 0 0 1 0 0 0 0 0 0 0 0 0 0 
0 0 0 0 0 0 0 0 1 0 0 0 0 0 0 0 0 0 
0 0 0 0 0 0 0 0 0 1 0 0 0 0 0 0 0 0 
0 0 0 0 0 0 0 0 0 0 1 0 0 0 0 0 0 0 
0 0 0 0 0 0 0 0 0 0 0 1 0 0 0 0 0 0 
0 0 0 0 0 0 0 0 0 0 0 0 1 0 0 0 0 0 
0 0 0 0 0 0 0 0 0 0 0 0 0 1 0 0 0 0 
0 0 0 0 0 0 0 0 0 0 0 0 0 0 1 0 0 0 
0 0 0 0 0 0 0 0 0 0 0 0 0 0 0 1 0 0 
0 0 0 0 0 0 0 0 0 0 0 0 0 0 0 0 1 0 
0 0 0 0 0 0 0 0 0 0 0 0 0 0 0 0 0 1 

---------------------------------------
testQRGSinverse passed succesufully

Testing inverse on 2000 0-20 x 0-20 matricies
testQRGSsolve passed succesufully
